([],[1,2,6,24,120,720])
([[[1,3,2],[3,1,2]]],[1,2,5,20,102,626])
([[[2,3,1],[3,1,2]]],[1,2,5,20,102,626])
([[[1,3,2],[2,3,1],[3,1,2]]],[1,2,4,16,84,536])
([[[1,3,2],[2,3,1]]],[1,2,5,20,102,626])
([[[2,3,1],[3,2,1]]],[1,2,5,20,102,626])
([[[1,3,2],[3,1,2]],[[2,3,1],[3,2,1]]],[1,2,4,16,84,536])
([[[2,3,1],[3,1,2],[3,2,1]]],[1,2,4,17,89,556])
([[[1,3,2],[2,3,1],[3,1,2],[3,2,1]]],[1,2,3,13,71,470])
([[[1,3,2],[2,3,1],[3,2,1]]],[1,2,4,16,84,536])
([[[3,1,2],[3,2,1]]],[1,2,5,20,102,626])
([[[1,3,2],[2,3,1]],[[3,1,2],[3,2,1]]],[1,2,4,16,84,536])
([[[1,3,2],[3,1,2],[3,2,1]]],[1,2,4,16,84,536])
([[[1,3,2],[3,2,1]]],[1,2,5,20,102,626])
([[[1,3,2],[3,2,1]],[[2,3,1],[3,1,2]]],[1,2,4,16,84,536])
([[[2,1,3],[3,2,1]]],[1,2,5,20,102,626])
([[[1,3,2],[3,1,2]],[[2,1,3],[3,2,1]]],[1,2,4,16,84,536])
([[[2,1,3],[3,2,1]],[[2,3,1],[3,1,2]]],[1,2,4,16,84,536])
([[[1,3,2],[2,3,1],[3,1,2]],[[2,1,3],[3,2,1]]],[1,2,3,12,66,450])
([[[1,3,2],[2,3,1]],[[2,1,3],[3,2,1]]],[1,2,4,16,84,536])
([[[2,1,3],[2,3,1],[3,2,1]]],[1,2,4,16,84,536])
([[[1,3,2],[3,1,2]],[[2,1,3],[2,3,1],[3,2,1]]],[1,2,3,12,66,450])
([[[2,1,3],[2,3,1],[3,1,2],[3,2,1]]],[1,2,3,13,71,470])
([[[1,3,2],[2,1,3],[2,3,1],[3,1,2],[3,2,1]]],[1,2,2,9,53,388])
([[[1,3,2],[2,1,3],[2,3,1],[3,2,1]]],[1,2,3,12,66,450])
([[[2,1,3],[3,1,2],[3,2,1]]],[1,2,4,16,84,536])
([[[1,3,2],[2,3,1]],[[2,1,3],[3,1,2],[3,2,1]]],[1,2,3,12,66,450])
([[[1,3,2],[2,1,3],[3,1,2],[3,2,1]]],[1,2,3,12,66,450])
([[[1,3,2],[2,1,3],[3,2,1]]],[1,2,4,16,84,536])
([[[1,3,2],[2,1,3],[3,2,1]],[[2,3,1],[3,1,2]]],[1,2,3,12,66,450])
([[[2,1,3],[2,3,1]]],[1,2,5,20,102,626])
([[[1,3,2],[3,1,2]],[[2,1,3],[2,3,1]]],[1,2,4,16,84,536])
([[[2,1,3],[2,3,1]],[[3,1,2],[3,2,1]]],[1,2,4,16,84,536])
([[[1,3,2],[3,1,2],[3,2,1]],[[2,1,3],[2,3,1]]],[1,2,3,12,66,450])
([[[1,3,2],[3,2,1]],[[2,1,3],[2,3,1]]],[1,2,4,16,84,536])
([[[2,1,3],[2,3,1],[3,1,2]]],[1,2,4,16,84,536])
([[[1,3,2],[3,2,1]],[[2,1,3],[2,3,1],[3,1,2]]],[1,2,3,12,66,450])
([[[1,3,2],[2,1,3],[2,3,1],[3,1,2]]],[1,2,3,12,66,450])
([[[1,3,2],[2,1,3],[2,3,1]]],[1,2,4,16,84,536])
([[[1,3,2],[2,1,3],[2,3,1]],[[3,1,2],[3,2,1]]],[1,2,3,12,66,450])
([[[2,1,3],[3,1,2]]],[1,2,5,20,102,626])
([[[1,3,2],[2,3,1]],[[2,1,3],[3,1,2]]],[1,2,4,16,84,536])
([[[2,1,3],[3,1,2]],[[2,3,1],[3,2,1]]],[1,2,4,16,84,536])
([[[1,3,2],[2,3,1],[3,2,1]],[[2,1,3],[3,1,2]]],[1,2,3,12,66,450])
([[[1,3,2],[3,2,1]],[[2,1,3],[3,1,2]]],[1,2,4,16,84,536])
([[[1,3,2],[2,1,3],[3,1,2]]],[1,2,4,16,84,536])
([[[1,3,2],[2,1,3],[3,1,2]],[[2,3,1],[3,2,1]]],[1,2,3,12,66,450])
([[[1,3,2],[2,1,3]]],[1,2,5,20,102,626])
([[[1,3,2],[2,1,3]],[[2,3,1],[3,1,2]]],[1,2,4,16,84,536])
([[[1,3,2],[2,1,3]],[[2,3,1],[3,2,1]]],[1,2,4,16,84,536])
([[[1,3,2],[2,1,3]],[[2,3,1],[3,1,2],[3,2,1]]],[1,2,3,13,71,470])
([[[1,3,2],[2,1,3]],[[3,1,2],[3,2,1]]],[1,2,4,16,84,536])
([[[1,2,3],[2,1,3]]],[1,2,5,20,102,626])
([[[1,2,3],[2,1,3]],[[1,3,2],[3,1,2]]],[1,2,4,16,84,536])
([[[1,2,3],[2,1,3]],[[2,3,1],[3,1,2]]],[1,2,4,16,84,536])
([[[1,2,3],[2,1,3]],[[1,3,2],[2,3,1],[3,1,2]]],[1,2,3,12,66,450])
([[[1,2,3],[2,1,3]],[[1,3,2],[2,3,1]]],[1,2,4,16,84,536])
([[[1,2,3],[2,1,3]],[[2,3,1],[3,2,1]]],[1,2,4,16,84,536])
([[[1,2,3],[2,1,3]],[[1,3,2],[3,1,2]],[[2,3,1],[3,2,1]]],[1,2,3,12,66,450])
([[[1,2,3],[2,1,3]],[[2,3,1],[3,1,2],[3,2,1]]],[1,2,3,13,71,470])
([[[1,2,3],[2,1,3]],[[1,3,2],[2,3,1],[3,1,2],[3,2,1]]],[1,2,2,9,53,388])
([[[1,2,3],[2,1,3]],[[1,3,2],[2,3,1],[3,2,1]]],[1,2,3,12,66,450])
([[[1,2,3],[2,1,3]],[[3,1,2],[3,2,1]]],[1,2,4,16,84,536])
([[[1,2,3],[2,1,3]],[[1,3,2],[2,3,1]],[[3,1,2],[3,2,1]]],[1,2,3,12,66,450])
([[[1,2,3],[2,1,3]],[[1,3,2],[3,1,2],[3,2,1]]],[1,2,3,12,66,450])
([[[1,2,3],[2,1,3]],[[1,3,2],[3,2,1]]],[1,2,4,16,84,536])
([[[1,2,3],[2,1,3]],[[1,3,2],[3,2,1]],[[2,3,1],[3,1,2]]],[1,2,3,12,66,450])
([[[1,2,3],[2,1,3],[3,2,1]]],[1,2,4,16,84,536])
([[[1,2,3],[2,1,3],[3,2,1]],[[1,3,2],[3,1,2]]],[1,2,3,12,66,450])
([[[1,2,3],[2,1,3],[3,2,1]],[[2,3,1],[3,1,2]]],[1,2,3,12,66,450])
([[[1,2,3],[2,1,3],[3,2,1]],[[1,3,2],[2,3,1],[3,1,2]]],[1,2,2,8,48,368])
([[[1,2,3],[2,1,3],[3,2,1]],[[1,3,2],[2,3,1]]],[1,2,3,12,66,450])
([[[1,2,3],[2,1,3],[2,3,1],[3,2,1]]],[1,2,3,12,66,450])
([[[1,2,3],[2,1,3],[2,3,1],[3,2,1]],[[1,3,2],[3,1,2]]],[1,2,2,8,48,368])
([[[1,2,3],[2,1,3],[2,3,1],[3,1,2],[3,2,1]]],[1,2,2,9,53,388])
([[[1,2,3],[1,3,2],[2,1,3],[2,3,1],[3,1,2],[3,2,1]]],[1,2,1,6,40,330])
([[[1,2,3],[1,3,2],[2,1,3],[2,3,1],[3,2,1]]],[1,2,2,9,53,388])
([[[1,2,3],[2,1,3],[3,1,2],[3,2,1]]],[1,2,3,12,66,450])
([[[1,2,3],[2,1,3],[3,1,2],[3,2,1]],[[1,3,2],[2,3,1]]],[1,2,2,8,48,368])
([[[1,2,3],[1,3,2],[2,1,3],[3,1,2],[3,2,1]]],[1,2,2,9,53,388])
([[[1,2,3],[1,3,2],[2,1,3],[3,2,1]]],[1,2,3,13,71,470])
([[[1,2,3],[1,3,2],[2,1,3],[3,2,1]],[[2,3,1],[3,1,2]]],[1,2,2,9,53,388])
([[[1,2,3],[2,1,3],[2,3,1]]],[1,2,4,16,84,536])
([[[1,2,3],[2,1,3],[2,3,1]],[[1,3,2],[3,1,2]]],[1,2,3,12,66,450])
([[[1,2,3],[2,1,3],[2,3,1]],[[3,1,2],[3,2,1]]],[1,2,3,12,66,450])
([[[1,2,3],[2,1,3],[2,3,1]],[[1,3,2],[3,1,2],[3,2,1]]],[1,2,2,8,48,368])
([[[1,2,3],[2,1,3],[2,3,1]],[[1,3,2],[3,2,1]]],[1,2,3,12,66,450])
([[[1,2,3],[2,1,3],[2,3,1],[3,1,2]]],[1,2,3,12,66,450])
([[[1,2,3],[2,1,3],[2,3,1],[3,1,2]],[[1,3,2],[3,2,1]]],[1,2,2,8,48,368])
([[[1,2,3],[1,3,2],[2,1,3],[2,3,1],[3,1,2]]],[1,2,2,9,53,388])
([[[1,2,3],[1,3,2],[2,1,3],[2,3,1]]],[1,2,3,13,71,470])
([[[1,2,3],[1,3,2],[2,1,3],[2,3,1]],[[3,1,2],[3,2,1]]],[1,2,2,9,53,388])
([[[1,2,3],[2,1,3],[3,1,2]]],[1,2,4,16,84,536])
([[[1,2,3],[2,1,3],[3,1,2]],[[1,3,2],[2,3,1]]],[1,2,3,12,66,450])
([[[1,2,3],[2,1,3],[3,1,2]],[[2,3,1],[3,2,1]]],[1,2,3,12,66,450])
([[[1,2,3],[2,1,3],[3,1,2]],[[1,3,2],[2,3,1],[3,2,1]]],[1,2,2,8,48,368])
([[[1,2,3],[2,1,3],[3,1,2]],[[1,3,2],[3,2,1]]],[1,2,3,12,66,450])
([[[1,2,3],[1,3,2],[2,1,3],[3,1,2]]],[1,2,3,13,71,470])
([[[1,2,3],[1,3,2],[2,1,3],[3,1,2]],[[2,3,1],[3,2,1]]],[1,2,2,9,53,388])
([[[1,2,3],[1,3,2],[2,1,3]]],[1,2,4,17,89,556])
([[[1,2,3],[1,3,2],[2,1,3]],[[2,3,1],[3,1,2]]],[1,2,3,13,71,470])
([[[1,2,3],[1,3,2],[2,1,3]],[[2,3,1],[3,2,1]]],[1,2,3,13,71,470])
([[[1,2,3],[1,3,2],[2,1,3]],[[2,3,1],[3,1,2],[3,2,1]]],[1,2,2,10,58,408])
([[[1,2,3],[1,3,2],[2,1,3]],[[3,1,2],[3,2,1]]],[1,2,3,13,71,470])
([[[1,2,3],[3,2,1]]],[1,2,5,20,102,626])
([[[1,2,3],[3,2,1]],[[1,3,2],[3,1,2]]],[1,2,4,16,84,536])
([[[1,2,3],[3,2,1]],[[2,3,1],[3,1,2]]],[1,2,4,16,84,536])
([[[1,2,3],[3,2,1]],[[1,3,2],[2,3,1],[3,1,2]]],[1,2,3,12,66,450])
([[[1,2,3],[3,2,1]],[[1,3,2],[2,3,1]]],[1,2,4,16,84,536])
([[[1,2,3],[3,2,1]],[[2,1,3],[2,3,1]]],[1,2,4,16,84,536])
([[[1,2,3],[3,2,1]],[[1,3,2],[3,1,2]],[[2,1,3],[2,3,1]]],[1,2,3,12,66,450])
([[[1,2,3],[3,2,1]],[[2,1,3],[2,3,1],[3,1,2]]],[1,2,3,12,66,450])
([[[1,2,3],[3,2,1]],[[1,3,2],[2,1,3],[2,3,1],[3,1,2]]],[1,2,2,8,48,368])
([[[1,2,3],[3,2,1]],[[1,3,2],[2,1,3],[2,3,1]]],[1,2,3,12,66,450])
([[[1,2,3],[3,2,1]],[[2,1,3],[3,1,2]]],[1,2,4,16,84,536])
([[[1,2,3],[3,2,1]],[[1,3,2],[2,3,1]],[[2,1,3],[3,1,2]]],[1,2,3,12,66,450])
([[[1,2,3],[3,2,1]],[[1,3,2],[2,1,3],[3,1,2]]],[1,2,3,12,66,450])
([[[1,2,3],[3,2,1]],[[1,3,2],[2,1,3]]],[1,2,4,16,84,536])
([[[1,2,3],[3,2,1]],[[1,3,2],[2,1,3]],[[2,3,1],[3,1,2]]],[1,2,3,12,66,450])
([[[1,2,3],[2,3,1],[3,2,1]]],[1,2,4,16,84,536])
([[[1,2,3],[2,3,1],[3,2,1]],[[1,3,2],[3,1,2]]],[1,2,3,12,66,450])
([[[1,2,3],[2,3,1],[3,2,1]],[[2,1,3],[3,1,2]]],[1,2,3,12,66,450])
([[[1,2,3],[2,3,1],[3,2,1]],[[1,3,2],[2,1,3],[3,1,2]]],[1,2,2,8,48,368])
([[[1,2,3],[2,3,1],[3,2,1]],[[1,3,2],[2,1,3]]],[1,2,3,12,66,450])
([[[1,2,3],[2,3,1],[3,1,2],[3,2,1]]],[1,2,3,13,71,470])
([[[1,2,3],[2,3,1],[3,1,2],[3,2,1]],[[1,3,2],[2,1,3]]],[1,2,2,9,53,388])
([[[1,2,3],[1,3,2],[2,3,1],[3,1,2],[3,2,1]]],[1,2,2,9,53,388])
([[[1,2,3],[1,3,2],[2,3,1],[3,2,1]]],[1,2,3,12,66,450])
([[[1,2,3],[1,3,2],[2,3,1],[3,2,1]],[[2,1,3],[3,1,2]]],[1,2,2,8,48,368])
([[[1,2,3],[3,1,2],[3,2,1]]],[1,2,4,16,84,536])
([[[1,2,3],[3,1,2],[3,2,1]],[[1,3,2],[2,3,1]]],[1,2,3,12,66,450])
([[[1,2,3],[3,1,2],[3,2,1]],[[2,1,3],[2,3,1]]],[1,2,3,12,66,450])
([[[1,2,3],[3,1,2],[3,2,1]],[[1,3,2],[2,1,3],[2,3,1]]],[1,2,2,8,48,368])
([[[1,2,3],[3,1,2],[3,2,1]],[[1,3,2],[2,1,3]]],[1,2,3,12,66,450])
([[[1,2,3],[1,3,2],[3,1,2],[3,2,1]]],[1,2,3,12,66,450])
([[[1,2,3],[1,3,2],[3,1,2],[3,2,1]],[[2,1,3],[2,3,1]]],[1,2,2,8,48,368])
([[[1,2,3],[1,3,2],[3,2,1]]],[1,2,4,16,84,536])
([[[1,2,3],[1,3,2],[3,2,1]],[[2,3,1],[3,1,2]]],[1,2,3,12,66,450])
([[[1,2,3],[1,3,2],[3,2,1]],[[2,1,3],[2,3,1]]],[1,2,3,12,66,450])
([[[1,2,3],[1,3,2],[3,2,1]],[[2,1,3],[2,3,1],[3,1,2]]],[1,2,2,8,48,368])
([[[1,2,3],[1,3,2],[3,2,1]],[[2,1,3],[3,1,2]]],[1,2,3,12,66,450])
([[[1,2,3],[2,3,1]]],[1,2,5,20,102,626])
([[[1,2,3],[2,3,1]],[[1,3,2],[3,1,2]]],[1,2,4,16,84,536])
([[[1,2,3],[2,3,1]],[[3,1,2],[3,2,1]]],[1,2,4,16,84,536])
([[[1,2,3],[2,3,1]],[[1,3,2],[3,1,2],[3,2,1]]],[1,2,3,12,66,450])
([[[1,2,3],[2,3,1]],[[1,3,2],[3,2,1]]],[1,2,4,16,84,536])
([[[1,2,3],[2,3,1]],[[2,1,3],[3,2,1]]],[1,2,4,16,84,536])
([[[1,2,3],[2,3,1]],[[1,3,2],[3,1,2]],[[2,1,3],[3,2,1]]],[1,2,3,12,66,450])
([[[1,2,3],[2,3,1]],[[2,1,3],[3,1,2],[3,2,1]]],[1,2,3,12,66,450])
([[[1,2,3],[2,3,1]],[[1,3,2],[2,1,3],[3,1,2],[3,2,1]]],[1,2,2,8,48,368])
([[[1,2,3],[2,3,1]],[[1,3,2],[2,1,3],[3,2,1]]],[1,2,3,12,66,450])
([[[1,2,3],[2,3,1]],[[2,1,3],[3,1,2]]],[1,2,4,16,84,536])
([[[1,2,3],[2,3,1]],[[1,3,2],[3,2,1]],[[2,1,3],[3,1,2]]],[1,2,3,12,66,450])
([[[1,2,3],[2,3,1]],[[1,3,2],[2,1,3],[3,1,2]]],[1,2,3,12,66,450])
([[[1,2,3],[2,3,1]],[[1,3,2],[2,1,3]]],[1,2,4,16,84,536])
([[[1,2,3],[2,3,1]],[[1,3,2],[2,1,3]],[[3,1,2],[3,2,1]]],[1,2,3,12,66,450])
([[[1,2,3],[2,3,1],[3,1,2]]],[1,2,4,16,84,536])
([[[1,2,3],[2,3,1],[3,1,2]],[[1,3,2],[3,2,1]]],[1,2,3,12,66,450])
([[[1,2,3],[2,3,1],[3,1,2]],[[2,1,3],[3,2,1]]],[1,2,3,12,66,450])
([[[1,2,3],[2,3,1],[3,1,2]],[[1,3,2],[2,1,3],[3,2,1]]],[1,2,2,8,48,368])
([[[1,2,3],[2,3,1],[3,1,2]],[[1,3,2],[2,1,3]]],[1,2,3,12,66,450])
([[[1,2,3],[1,3,2],[2,3,1],[3,1,2]]],[1,2,3,12,66,450])
([[[1,2,3],[1,3,2],[2,3,1],[3,1,2]],[[2,1,3],[3,2,1]]],[1,2,2,8,48,368])
([[[1,2,3],[1,3,2],[2,3,1]]],[1,2,4,16,84,536])
([[[1,2,3],[1,3,2],[2,3,1]],[[3,1,2],[3,2,1]]],[1,2,3,12,66,450])
([[[1,2,3],[1,3,2],[2,3,1]],[[2,1,3],[3,2,1]]],[1,2,3,12,66,450])
([[[1,2,3],[1,3,2],[2,3,1]],[[2,1,3],[3,1,2],[3,2,1]]],[1,2,2,8,48,368])
([[[1,2,3],[1,3,2],[2,3,1]],[[2,1,3],[3,1,2]]],[1,2,3,12,66,450])
([[[1,2,3],[3,1,2]]],[1,2,5,20,102,626])
([[[1,2,3],[3,1,2]],[[1,3,2],[2,3,1]]],[1,2,4,16,84,536])
([[[1,2,3],[3,1,2]],[[2,3,1],[3,2,1]]],[1,2,4,16,84,536])
([[[1,2,3],[3,1,2]],[[1,3,2],[2,3,1],[3,2,1]]],[1,2,3,12,66,450])
([[[1,2,3],[3,1,2]],[[1,3,2],[3,2,1]]],[1,2,4,16,84,536])
([[[1,2,3],[3,1,2]],[[2,1,3],[3,2,1]]],[1,2,4,16,84,536])
([[[1,2,3],[3,1,2]],[[1,3,2],[2,3,1]],[[2,1,3],[3,2,1]]],[1,2,3,12,66,450])
([[[1,2,3],[3,1,2]],[[2,1,3],[2,3,1],[3,2,1]]],[1,2,3,12,66,450])
([[[1,2,3],[3,1,2]],[[1,3,2],[2,1,3],[2,3,1],[3,2,1]]],[1,2,2,8,48,368])
([[[1,2,3],[3,1,2]],[[1,3,2],[2,1,3],[3,2,1]]],[1,2,3,12,66,450])
([[[1,2,3],[3,1,2]],[[2,1,3],[2,3,1]]],[1,2,4,16,84,536])
([[[1,2,3],[3,1,2]],[[1,3,2],[3,2,1]],[[2,1,3],[2,3,1]]],[1,2,3,12,66,450])
([[[1,2,3],[3,1,2]],[[1,3,2],[2,1,3],[2,3,1]]],[1,2,3,12,66,450])
([[[1,2,3],[3,1,2]],[[1,3,2],[2,1,3]]],[1,2,4,16,84,536])
([[[1,2,3],[3,1,2]],[[1,3,2],[2,1,3]],[[2,3,1],[3,2,1]]],[1,2,3,12,66,450])
([[[1,2,3],[1,3,2],[3,1,2]]],[1,2,4,16,84,536])
([[[1,2,3],[1,3,2],[3,1,2]],[[2,3,1],[3,2,1]]],[1,2,3,12,66,450])
([[[1,2,3],[1,3,2],[3,1,2]],[[2,1,3],[3,2,1]]],[1,2,3,12,66,450])
([[[1,2,3],[1,3,2],[3,1,2]],[[2,1,3],[2,3,1],[3,2,1]]],[1,2,2,8,48,368])
([[[1,2,3],[1,3,2],[3,1,2]],[[2,1,3],[2,3,1]]],[1,2,3,12,66,450])
([[[1,2,3],[1,3,2]]],[1,2,5,20,102,626])
([[[1,2,3],[1,3,2]],[[2,3,1],[3,1,2]]],[1,2,4,16,84,536])
([[[1,2,3],[1,3,2]],[[2,3,1],[3,2,1]]],[1,2,4,16,84,536])
([[[1,2,3],[1,3,2]],[[2,3,1],[3,1,2],[3,2,1]]],[1,2,3,13,71,470])
([[[1,2,3],[1,3,2]],[[3,1,2],[3,2,1]]],[1,2,4,16,84,536])
([[[1,2,3],[1,3,2]],[[2,1,3],[3,2,1]]],[1,2,4,16,84,536])
([[[1,2,3],[1,3,2]],[[2,1,3],[3,2,1]],[[2,3,1],[3,1,2]]],[1,2,3,12,66,450])
([[[1,2,3],[1,3,2]],[[2,1,3],[2,3,1],[3,2,1]]],[1,2,3,12,66,450])
([[[1,2,3],[1,3,2]],[[2,1,3],[2,3,1],[3,1,2],[3,2,1]]],[1,2,2,9,53,388])
([[[1,2,3],[1,3,2]],[[2,1,3],[3,1,2],[3,2,1]]],[1,2,3,12,66,450])
([[[1,2,3],[1,3,2]],[[2,1,3],[2,3,1]]],[1,2,4,16,84,536])
([[[1,2,3],[1,3,2]],[[2,1,3],[2,3,1]],[[3,1,2],[3,2,1]]],[1,2,3,12,66,450])
([[[1,2,3],[1,3,2]],[[2,1,3],[2,3,1],[3,1,2]]],[1,2,3,12,66,450])
([[[1,2,3],[1,3,2]],[[2,1,3],[3,1,2]]],[1,2,4,16,84,536])
([[[1,2,3],[1,3,2]],[[2,1,3],[3,1,2]],[[2,3,1],[3,2,1]]],[1,2,3,12,66,450])
